# Dynamic ejecta NS-BH merger
# MNmodel2 DZ31
# kappa = 10 cm^2 g^-1
# m_ns = 1.4 M_sun
# m_bh = 7.0 M_sun
# chi = 0.7
# m_ej = 0.04 M_sun
# v_ej = 0.2 c
#
# Columns
# 1) time [days]
# 2) M_g (AB)
# 3) M_r (AB)
# 4) M_i (AB)
# 5) M_z (AB)
# 6) M_y (AB)
0.1 -11.0962055286 -11.4523678613 -11.5543551514 -11.5563963319 -11.5217481752
0.35 -11.0862199648 -12.0002433653 -12.4427034462 -12.6521964932 -12.7558596559
0.6 -10.8553562301 -12.0511611735 -12.6716148263 -12.9918231323 -13.1708022158
0.85 -10.5508579891 -11.9569099333 -12.7121011212 -13.1169456642 -13.3541680659
1.1 -10.2821109645 -11.8499586401 -12.7097370965 -13.1806888451 -13.4637799363
1.35 -10.0657581398 -11.7607959556 -12.7032500442 -13.2266782634 -13.5464024358
1.6 -9.88965536067 -11.6881653853 -12.6981332132 -13.2645419836 -13.6144102397
1.85 -9.73860862665 -11.624601512 -12.6918066266 -13.2947356279 -13.6703126214
2.1 -9.59850407942 -11.5617158727 -12.6795486551 -13.3148384967 -13.7132676749
2.35 -9.4587503723 -11.4929120192 -12.6573405476 -13.3224587733 -13.7420098077
2.6 -9.31478814192 -11.4158147575 -12.6242178079 -13.3175233882 -13.7570844589
2.85 -9.16488023685 -11.3299435859 -12.5805114586 -13.3008761258 -13.7596912574
3.1 -9.00872254698 -11.235731397 -12.5271289997 -13.2737240497 -13.7512449955
3.35 -8.84655523337 -11.1338879407 -12.465081609 -13.2372680632 -13.7330780151
3.6 -8.67862527594 -11.0250144938 -12.3951978449 -13.1924801564 -13.7062615787
3.85 -8.50523659194 -10.9096757638 -12.3182096272 -13.1401972343 -13.6717055501
4.1 -8.32649768398 -10.7882186305 -12.2346167964 -13.0810158955 -13.6300741083
4.35 -8.14220864408 -10.6606951975 -12.1446342965 -13.0152544449 -13.5817586039
4.6 -7.95235547607 -10.5272707607 -12.0485427871 -12.943266711 -13.5271645514
4.85 -7.75691279141 -10.3880731449 -11.9465684979 -12.8653414402 -13.4666253217
5.1 -7.55558229477 -10.2429880243 -11.8387162869 -12.781559508 -13.4002763656
5.35 -7.3482051559 -10.091994696 -11.7250542741 -12.6920459534 -13.3282838959
5.6 -7.13476019697 -9.93516819895 -11.6057190317 -12.5969763074 -13.2508518991
5.85 -6.91503119071 -9.77241364786 -11.4806936286 -12.4963836917 -13.168050339
6.1 -6.68870728776 -9.60354930296 -11.3498795623 -12.3902230058 -13.0798734518
6.35 -6.45563673229 -9.42851296446 -11.2132716742 -12.2785255961 -12.9863801198
6.6 -6.21579054751 -9.24733436412 -11.0709363542 -12.1613811864 -12.887677951
6.85 -5.96917401974 -9.06006509377 -10.9229534287 -12.0388875091 -12.7838789522
7.1 -5.7157565617 -8.86672301315 -10.7693704282 -11.9111110015 -12.6750643441
7.35 -5.45557235556 -8.66737376866 -10.6102714259 -11.7781472455 -12.5613394061
7.6 -5.18871616223 -8.46212829233 -10.4457755018 -11.6401201307 -12.4428328842
7.85 -4.91534297176 -8.25114276467 -10.2760371525 -11.4971825843 -12.31969767
8.1 -4.63574346837 -8.03467977184 -10.1012977911 -11.3495616943 -12.1921516206
8.35 -4.35025232959 -7.8130350204 -9.92182484328 -11.1975058885 -12.060430268
8.6 -4.05919297535 -7.58649329855 -9.73787510672 -11.0412530944 -11.9247586733
8.85 -3.76287629382 -7.35532769201 -9.54969426304 -10.8810304631 -11.7853512438
9.1 -3.46160003781 -7.11979906931 -9.3575165905 -10.7170542445 -11.6424118431
9.35 -3.15564856787 -6.88015639544 -9.16156539632 -10.5495302294 -11.4961341056
9.6 -2.84537276757 -6.63670097813 -8.96210724947 -10.3787014692 -11.3467443985
9.85 -2.53127435833 -6.38985459677 -8.75950934223 -10.2048988953 -11.1945471778
10.1 -2.21382751016 -6.14001617491 -8.55411927981 -10.0284357684 -11.0398304463
10.35 -1.89345824495 -5.88754466711 -8.34625047039 -9.84959492913 -10.8828545488
10.6 -1.57054948801 -5.63276360737 -8.13618606302 -9.66863230967 -10.7238552331
10.85 -1.24544622595 -5.37596500526 -7.92418220573 -9.48577981667 -10.5630462172
11.1 -0.918459527439 -5.11741283704 -7.71047098724 -9.30124787217 -10.4006217715
11.35 -0.589870237349 -4.8573459267 -7.49526298204 -9.11522789501 -10.236758496
11.6 -0.259932375122 -4.59598075658 -7.27874958236 -8.92789392481 -10.0716173893
11.85 0.071113020024 -4.33352265459 -7.06111232952 -8.73941134996 -9.90535131696
12.1 0.402994968409 -4.07020077523 -6.84255273823 -8.54996278003 -9.73812823686
12.35 0.735453601144 -3.80623434922 -6.62326361067 -8.35972315852 -9.57010907854
12.6 1.06825563011 -3.54182104613 -6.40341924043 -8.16885091511 -9.40143972834
12.85 1.40119119681 -3.27713872012 -6.1831770915 -7.97748944401 -9.23225238368
13.1 1.7340715158 -3.01234789143 -5.96267957545 -7.78576882023 -9.06266703271
13.35 2.06672687021 -2.74759322278 -5.74205547925 -7.59380692579 -8.89279269455
13.6 2.39900446246 -2.4830051469 -5.52142140634 -7.40171080062 -8.72272834179
13.85 2.73076685722 -2.21870140265 -5.30088286175 -7.20957766192 -8.55256397925
14.1 3.06189048537 -1.95478806275 -5.08053536727 -7.01749555702 -8.38238143311
14.35 3.39226635132 -1.69135912447 -4.86046401889 -6.82554354534 -8.21225418642
14.6 3.72179961283 -1.42849697346 -4.64074397949 -6.63379173541 -8.0422476632
14.85 4.05040524365 -1.16627575015 -4.42144325367 -6.44230371256 -7.87242148734
15.1 4.37800695281 -0.904762150922 -4.20262331563 -6.25113734954 -7.70282976987
15.35 4.70453627678 -0.644016253921 -3.9843397285 -6.06034512727 -7.53352181947
15.6 5.02993193706 -0.384092052972 -3.76664282512 -5.86997477496 -7.36454259799
15.85 5.35413917368 -0.125037950361 -3.54957800214 -5.6800694948 -7.19593279079
16.1 5.67710920075 0.133102511432 -3.33318624312 -5.49066860404 -7.0277296199
16.35 5.99879832583 0.390290484451 -3.11750449219 -5.30180764462 -6.85996674196
16.6 6.31916803044 0.646491254235 -2.9025659888 -5.11351884787 -6.69267478589
16.85 6.63818417164 0.901673882729 -2.68840056729 -4.92583127088 -6.52588150424
17.1 6.95581819305 1.15581228253 -2.47503388392 -4.73877030216 -6.35961120314
17.35 7.27204754997 1.40888526215 -2.26248724518 -4.55235725962 -6.19388459703
17.6 7.58685295571 1.66087435127 -2.05077949991 -4.36661133949 -6.02872025115
17.85 7.90021783836 1.91176354379 -1.83992727249 -4.18154970291 -5.86413497237
18.1 8.21212807901 2.16153896238 -1.62994525768 -3.9971876106 -5.70014377183
18.35 8.52257186721 2.41018866328 -1.42084645011 -3.81353868187 -5.53676012446
18.6 8.83153939523 2.65770261592 -1.21264200997 -3.63061503721 -5.37399610585
18.85 9.13902292529 2.90407234041 -1.00534174127 -3.44842737088 -5.21186250294
19.1 9.44501626801 3.14929090624 -0.79895394649 -3.26698505067 -5.05036880761
19.35 9.74951491619 3.39335273759 -0.593485683352 -3.08629628896 -4.88952341664
19.6 10.0525157254 3.63625358668 -0.388942889552 -2.90636814743 -4.72933371903
19.85 10.3540170162 3.87799028421 -0.185330354758 -2.72720673532 -4.56980610009
20.1 10.6540181064 4.11856071303 0.0173480823502 -2.54881714696 -4.41094615106
20.35 10.9525195564 4.35796393535 0.219089538944 -2.37120363018 -4.25275852096
20.6 11.2495340208 4.5962084102 0.419899401051 -2.19436315399 -4.0952413717
20.85 11.545096072 4.83332057787 0.61979801865 -2.01827932055 -3.93838099524
21.1 11.8392415352 5.06932785023 0.818806820109 -1.84293485856 -3.7821627944
21.35 12.1320044898 5.30425633866 1.0169459629 -1.6683132786 -3.62657296083
21.6 12.4234176614 5.5381310548 1.2142351425 -1.49439895572 -3.47159814185
21.85 12.7135121114 5.77097575147 1.41069290987 -1.32117671695 -3.31722575352
22.1 13.0023178398 6.00281340497 1.60633695177 -1.14863225532 -3.16344363124
22.35 13.2898632077 6.23366578015 1.8011843928 -0.976751792785 -3.01024021719
22.6 13.5761758 6.4635539822 1.9952515988 -0.805522133216 -2.85760435004
22.85 13.861281611 6.69249790027 2.1885542236 -0.63493062664 -2.70552542031
23.1 14.1452059063 6.9205169611 2.38110731238 -0.46496514586 -2.55399317387
23.35 14.4279727792 7.14762959864 2.57292533314 -0.295614007119 -2.40299783001
23.6 14.7096053852 7.37385356681 2.76402210778 -0.126866126024 -2.25253002699
23.85 14.990126076 7.59920601612 2.95441096611 0.0412893612811 -2.10258059254
24.1 15.2695561752 7.82370326537 3.14410477511 0.20886270941 -1.95314093749
24.35 15.5479162053 8.04736119098 3.33311583522 0.375863929403 -1.80420268429
24.6 15.8252261541 8.27019489693 3.52145601783 0.542302528215 -1.65575768278
24.85 16.1015048781 8.49221917353 3.70913687918 0.708187822898 -1.50779823391
25.1 16.3767709376 8.71344798533 3.8961693395 0.873528571461 -1.36031689011
25.35 16.6510452997 8.93389781336 4.08256650274 1.03833555369 -1.21330452572
25.6 16.9243685533 9.15360049018 4.26835445106 1.2026311394 -1.06674156556
25.85 17.1967866112 9.37259262942 4.45356348725 1.36644124121 -0.920605168353
26.1 17.4683433955 9.59090890429 4.63822216424 1.52979049369 -0.774873835662
26.35 17.7390802173 9.80858215271 4.82235762956 1.69270220259 -0.629527072378
26.6 18.009036659 10.0256436661 5.00599567049 1.85519852465 -0.484545433587
26.85 18.2782502617 10.2421231387 5.18916078963 2.01730046866 -0.339910536474
27.1 18.5467566332 10.4580488124 5.37187626788 2.1790280372 -0.19560488022
27.35 18.8145896597 10.6734475396 5.55416423977 2.34040017695 -0.051611780478
27.6 19.0817815377 10.8883447353 5.7360455902 2.50143493381 0.0920843843383
27.85 19.3483629859 11.1027647225 5.91754044818 2.66214936276 0.235498671666
28.1 19.6143630494 11.3167304894 6.09866770809 2.82255972663 0.378645265348
28.35 19.8798095788 11.5302640205 6.27944548243 2.98268149349 0.521537704217
28.6 20.1447288097 11.7433861173 6.45989074932 3.14252944541 0.664188690287
28.85 20.409145967 11.9561166539 6.6400200302 3.30211731511 0.806610469322
29.1 20.6730848826 12.1684744886 6.81984871157 3.46145851929 0.948814583381
29.35 20.936568315 12.3804775361 6.99939161286 3.62056559652 1.0908119661
29.6 21.199617896 12.5921429049 7.17866273216 3.77945046903 1.23261312664
29.85 21.4622542504 12.8034869098 7.35767540763 3.93812464046 1.37422790686
30.1 21.7244969156 13.0145249848 7.53644237295 4.09659886182 1.51566572166
30.35 21.9863646657 13.2252717907 7.71497564978 4.25488342155 1.65693547975
30.6 22.2478752012 13.435741402 7.89328680286 4.412988095 1.79804571765
30.85 22.509045524 13.6459471432 8.07138671921 4.5709221775 1.93900446232
31.1 22.7698916628 13.8559017714 8.24928581435 4.72869452985 2.07981937523
31.35 23.0304306438 14.0656185837 8.42699508046 4.88631448963 2.22049855873
31.6 23.290689799 14.2751193656 8.60453252277 5.04379768319 2.36105572315
31.85 23.5506996258 14.4844284146 8.78191857754 5.20116180609 2.50150652116
32.1 23.8104895507 14.6935691172 8.95917261196 5.35842377607 2.64186575679
32.35 24.0700872239 14.9025635454 9.13631304203 5.51559961048 2.78214751158
32.6 24.3295192887 15.1114329102 9.31335743771 5.67270447858 2.92236516769
32.85 24.5888108814 15.3201971782 9.49032263681 5.82975303861 3.06253151231
33.1 24.8479860627 15.5288754706 9.66722450995 5.9867590235 3.20265861274
33.35 25.1070676018 15.7374859167 9.84407808889 6.14373546856 3.34275796533
33.6 25.3660773283 15.946045905 10.0208978291 6.30069507878 3.48284053935
33.85 25.6250359282 16.1545718386 10.1976974224 6.45764947648 3.62291667849
34.1 25.883963009 16.3630793493 10.3744898816 6.61461006571 3.76299627114
34.35 26.1428774419 16.5715833473 10.5512875465 6.77158748129 3.90308865933
34.6 26.4017969029 16.7800979122 10.7281022069 6.92859195374 4.04320268842
34.85 26.6607383422 16.9886365249 10.9049449788 7.0856330913 4.18334680275
35.1 26.9197179183 17.1972120083 11.0818265461 7.24272006457 4.32352902414
35.35 27.1787508634 17.4058364481 11.2587568934 7.39986158496 4.46375682969
35.6 27.4378517623 17.6145213553 11.4357456434 7.5570659116 4.60403749379
35.85 27.6970343608 17.8232776577 11.6128018772 7.71434079726 4.74437772356
36.1 27.956311758 18.0321157385 11.7899340541 7.87169374886 4.88478400512
36.35 28.2156964386 18.2410455311 11.9671505525 8.02913174945 5.02526243846
36.6 28.4752001979 18.4500762783 12.1444589491 8.18666142858 5.16581868518
36.85 28.7348341075 18.659216889 12.3218666229 8.34428910371 5.3064582216
37.1 28.9946088321 18.8684756906 12.4993805309 8.50202065146 5.44718622973
37.35 29.2545344014 19.0778606737 12.6770071657 8.65986184553 5.58800748383
37.6 29.5146203679 19.2873793284 12.8547527956 8.81781783322 5.72892655237
37.85 29.7748756796 19.497038752 13.0326232643 8.97589377823 5.8699478074
38.1 30.0353119134 19.7068482081 13.2106262356 9.13409617474 6.01107690034
38.35 30.2959510854 19.9168251057 13.3887763927 9.29243799762 6.15232523156
38.6 30.5568163167 20.1269882165 13.5670894827 9.4509330264 6.29370497273
38.85 30.8179299692 20.3373554331 13.7455805831 9.60959446424 6.43522768973
39.1 31.0793132876 20.5479436104 13.9242639374 9.76843481241 6.57690441204
39.35 31.340986526 20.7587690656 14.1031531381 9.92746609835 6.71874568096
39.6 31.602969039 20.9698472737 14.2822612842 10.0866997448 6.86076150544
39.85 31.8652793017 21.1811930578 14.4616007863 10.2461466103 7.00296151092
40.1 32.1279349222 21.3928204611 14.6411835078 10.405817093 7.14535474278
40.35 32.3909526585 21.6047428855 14.82102068 10.5657211083 7.28794982666
40.6 32.6543484468 21.816973182 15.0011230419 10.7258680202 7.4307550567
40.85 32.9181376402 22.0295234465 15.1815009102 10.8862668016 7.57377821408
41.1 33.1823345716 22.2424053991 15.3621639429 11.0469259798 7.71702675595
41.35 33.4469531455 22.4556299595 15.543121489 11.2078536362 7.86050772628
41.6 33.712006522 22.6692076547 15.7243822783 11.3690575686 8.00422785218
41.85 33.9775070182 22.8831484684 15.9059546883 11.5305449621 8.14819343398
42.1 34.2434666658 23.0974618903 16.0878466571 11.6923228294 8.29241062552
42.35 34.5098965666 23.3121568199 16.2700657503 11.8543976771 8.43688496476
42.6 34.7768075369 23.5272418632 16.452619128 12.0167758171 8.58162193506
42.85 35.0442095433 23.7427250758 16.6355135349 12.179463167 8.72662663251
43.1 35.3121123364 23.9586141949 16.8187553749 12.3424652209 8.87190387152
43.35 35.5805249068 24.1749163525 17.0023507158 12.5057873442 9.01745814857
43.6 35.8494558363 24.3916383978 17.1863053786 12.6694345311 9.16329382003
43.85 36.1189133047 24.6087869548 17.3706247672 12.833411413 9.30941485585
44.1 36.3889049065 24.8263679749 17.5553138745 12.9977225158 9.45582509964
44.35 36.6594379156 25.0443872466 17.7403776145 13.1623719811 9.60252800811
44.6 36.9305191556 25.2628503266 17.9258204881 13.3273636394 9.74952698004
44.85 37.2021549714 25.4817620886 18.1116467414 13.4927013218 9.89682518242
45.1 37.4743514182 25.7011274269 18.2978604054 13.6583883731 10.0444254117
45.35 37.7471141583 25.9209509059 18.4844652016 13.824428127 10.1923304221
45.6 38.0204483419 26.1412366327 18.6714646715 13.9908234825 10.3405427551
45.85 38.2943590887 26.3619885597 18.8588620049 14.1575772738 10.4890647154
46.1 38.5688508699 26.5832102737 19.046660278 14.3246921866 10.6378984799
46.35 38.8439280043 26.804905285 19.2348622979 14.4921705065 10.7870460385
46.6 39.119594473 27.0270766695 19.4234707721 14.6600146048 10.9365091824
46.85 39.3958539539 27.2497273585 19.6124880083 14.8282264639 11.086289614
47.1 39.6727098769 27.4728601238 19.8019163021 14.9968080142 11.236388835
47.35 39.9501653522 27.6964772342 19.9917576579 15.1657609185 11.3868082113
47.6 40.2282231855 27.920581122 20.1820139979 15.3350867942 11.5375489749
47.85 40.5068859811 28.1451737758 20.3726869806 15.5047870487 11.6886122459
48.1 40.7861561874 28.3702570747 20.5637780518 15.6748629803 11.8399989776
48.35 41.0660359003 28.5958326505 20.7552887316 15.845315665 11.9917099799
48.6 41.3465270713 28.8219020608 20.947220221 16.0161462084 12.1437460802
48.85 41.627631244 29.0484665958 21.1395734477 16.1873554067 12.2961077764
49.1 41.9093500479 29.2755274412 21.3323495353 16.3589439921 12.4487956467
49.35 42.1916846862 29.5030854532 21.5255491517 16.5309126606 12.6018100708
49.6 42.4746363211 29.7311417394 21.7191730471 16.703261868 12.7551513536
49.85 42.7582058111 29.9596967233 21.9132218091 16.875992125 12.9088196562
50.1 43.0423938556 30.188751069 22.1076957596 17.0491036408 13.0628151683
