# Dynamic ejecta NS-BH merger
# MNmodel1 FRDM
# kappa = 10 cm^2 g^-1
# m_ns = 1.2 M_sun
# m_bh = 7.0 M_sun
# chi = 0.9
# m_ej = 0.16 M_sun
# v_ej = 0.25 c
#
# Columns
# 1) time [days]
# 2) M_g (AB)
# 3) M_r (AB)
# 4) M_i (AB)
# 5) M_z (AB)
# 6) M_y (AB)
0.5 -10.3517568579 -11.3952158795 -11.9190249331 -12.1789494086 -12.316792404
1.0 -9.70367472247 -11.1947641497 -12.0048371879 -12.4443302953 -12.7055538972
1.5 -9.21120208964 -10.9824222125 -11.9745634837 -12.5296129804 -12.8715025665
2.0 -8.8162208935 -10.7942268997 -11.9217698207 -12.5632721918 -12.9660960369
2.5 -8.48140421413 -10.6234598386 -11.8588730073 -12.5695087481 -13.0213961247
3.0 -8.16373861242 -10.4482698429 -11.7776145428 -12.5486115016 -13.0435704952
3.5 -7.85052243302 -10.2643059937 -11.6790153321 -12.504983053 -13.0393504175
4.0 -7.56081494016 -10.0868004602 -11.5757000246 -12.4495219633 -13.0183346581
4.5 -7.23417728911 -9.8771565966 -11.4434750593 -12.3673042892 -12.9722475226
5.0 -6.90820570198 -9.66066489209 -11.2994650384 -12.2701714683 -12.9091073235
5.5 -6.58225441483 -9.43858626301 -11.1461704824 -12.1614099482 -12.8327481335
6.0 -6.24582784481 -9.20430514856 -10.9795297117 -12.0386021956 -12.7419364215
6.5 -5.89215504587 -8.95362940344 -10.7970456239 -11.9003447244 -12.6360650414
7.0 -5.51886926531 -8.68505050265 -10.5977656752 -11.7460425094 -12.5148040061
7.5 -5.14503308981 -8.41222206477 -10.3917540241 -11.5834251641 -12.3841645365
8.0 -4.75235945395 -8.12341093987 -10.1716037894 -11.4078911684 -12.2416105911
8.5 -4.34789154984 -7.82219079896 -9.93858514351 -11.2192108001 -12.0858065137
9.0 -3.92162978893 -7.50316917034 -9.6903381425 -11.016992525 -11.9178247803
9.5 -3.49088604475 -7.17764785823 -9.43418937537 -10.8059740556 -11.7404799759
10.0 -3.03392700528 -6.83145894733 -9.16094835388 -10.5801996593 -11.5502344614
10.5 -2.58095957827 -6.48507731441 -8.88467397062 -10.3495496264 -11.353842294
11.0 -2.10203799173 -6.11818593383 -8.59137624625 -10.1041473823 -11.1445167006
11.5 -1.61290168119 -5.74162113279 -8.28865879736 -9.84948883981 -10.9261742881
12.0 -1.11084782077 -5.35353507906 -7.97522873329 -9.58463807646 -10.6981509918
12.5 -0.580572158464 -4.94306543513 -7.64312039447 -9.30350949134 -10.4557967201
13.0 -0.0571180893396 -4.53586852921 -7.3118452774 -9.02161246917 -10.2115794202
13.5 0.486167617426 -4.11240300762 -6.9665055528 -8.72706517975 -9.9559173995
14.0 1.08681148025 -3.64520010028 -6.5861627353 -8.40316562163 -9.67537858373
14.5 1.66158530967 -3.19484409582 -6.21665490084 -8.08616439891 -9.39885557461
15.0 2.2652110663 -2.72169394396 -5.82814717565 -7.75259161509 -9.10777707216
15.5 2.88516779117 -2.23480039733 -5.4274275884 -7.40775898301 -8.80632594349
16.0 3.52144076615 -1.73418353158 -5.01451422781 -7.05167710745 -8.49451326719
16.5 4.17401627997 -1.21986218768 -4.58942481998 -6.68435624257 -8.17235042663
17.0 4.84288164665 -0.691854131619 -4.15217671448 -6.30580703307 -7.83984901441
17.5 5.52802504308 -0.150176114402 -3.7027870655 -5.91604002867 -7.49702087128
18.0 6.22943551131 0.405156303949 -3.24127231468 -5.51506587032 -7.14387822791
18.5 6.94710284264 0.974128520772 -2.76764862302 -5.10289518608 -6.78043337011
19.0 7.6810175072 1.55672700089 -2.28193172753 -4.67953866147 -6.40669899624
19.5 8.43117061875 2.15293907243 -1.78413673482 -4.24500687607 -6.02268799151
20.0 9.19755392665 2.7627532383 -1.27427833536 -3.79931061066 -5.62841351929
20.5 9.98015968165 3.38615866948 -0.752370630641 -3.34246045899 -5.22388892568
21.0 10.7789805525 4.02314540486 -0.218427258351 -2.87446702117 -4.80912792761
21.5 11.594009758 4.67370448135 0.327538764625 -2.39534084424 -4.38414432088
22.0 12.4252407356 5.33782756514 0.885514959676 -1.90509246021 -3.94895228144
22.5 13.2726675258 6.01550698471 1.45548947684 -1.4037322417 -3.50356614617
23.0 14.1362842787 6.70673594624 2.03745093379 -0.891270623347 -3.04800049446
23.5 15.0160855535 7.41150800478 2.63138863589 -0.367717776507 -2.58227016034
24.0 15.9120662092 8.12981750612 3.23729229815 0.166916082908 -2.10639009637
24.5 16.8242211466 8.86165924797 3.85515252009 0.71262102211 -1.62037553981
25.0 17.7525457205 9.60702849976 4.4849600449 1.26938708388 -1.12424194693
25.5 18.6970353931 10.3659209909 5.12670651761 1.83720452269 -0.618004920678
26.0 19.6576856857 11.1383328702 5.78038398072 2.41606375059 -0.10168026245
26.5 20.6344924889 11.9242606592 6.44598499679 3.0059553238 0.424716023973
27.0 21.6274517556 12.7237011784 7.12350266319 3.6068699155 0.961167810451
27.5 22.6365595044 13.5366515043 7.81293063557 4.21879851714 1.50765873631
28.0 23.6618120024 14.3631090289 8.51426291154 4.8417321952 2.06417241681
28.5 24.7032054347 15.2030715033 9.22749417851 5.47566228471 2.63069216241
29.0 25.7607363853 16.0565366322 9.95261930116 6.1205802379 3.20720139305
29.5 26.8344012985 16.9235024337 10.6896337834 6.77647781743 3.79368312785
30.0 27.9241967516 17.8039670945 11.4385333987 7.44334692111 4.39012049455
30.5 29.0301194265 18.697928924 12.1993144211 8.12117979695 4.99649648737
31.0 30.1521662012 19.6053863398 12.9719733052 8.80996872651 5.61279400576
31.5 31.2903338469 20.526337905 13.7565070299 9.50970638037 6.23899594621
32.0 32.4446192338 21.4607822107 14.5529127236 10.220385651 6.87508501008
32.5 33.6150194987 22.4087179153 15.3611880031 10.9419996049 7.52104408991
33.0 34.8015314691 23.3701437817 16.1813305863 11.6745416358 8.17685591167
33.5 36.0041524834 24.3450586409 17.013338444 12.418005296 8.8425032877
34.0 37.2228796176 25.3334613329 17.8572099316 13.1723844272 9.517969001
34.5 38.4577102236 26.3353506387 18.7129434252 13.9376730926 10.203235893
35.0 39.7086414075 27.3507256324 19.5805375877 14.7138656896 10.8982869144
35.5 40.9756707288 28.3795850612 20.4599912924 15.5009567265 11.603105008
36.0 42.258795545 29.4219278983 21.3513034757 16.2989410289 12.3176733263
36.5 43.5580133616 30.4777532631 22.2544732529 17.1078136905 13.0419749904
37.0 44.8733217141 31.5470599231 23.1694999222 17.9275699092 13.7759934556
37.5 46.2047182112 32.6298468776 24.0963827394 18.758205347 14.5197120844
38.0 47.5522005121 33.7261131313 25.0351211922 19.5997156313 15.2731146416
38.5 48.9157664874 34.8358576412 25.9857148673 20.4520968215 16.0361849807
39.0 50.2954138029 35.9590793531 26.948163241 21.3153450566 16.8089071548
39.5 51.6911404386 37.0957772735 27.9224659977 22.1894568328 17.5912654965
40.0 53.1029441962 38.2459503436 28.9086228734 23.0744287083 18.3832445542
40.5 54.5308231513 39.4095974988 29.9066335745 23.9702575489 19.1848292285
41.0 55.9747753563 40.5867176952 30.9164978287 24.8769403217 19.9960046253
41.5 57.4347989367 41.7773098918 31.9382154727 25.7944743069 20.8167561396
42.0 58.9108921902 42.9813731242 32.9717863236 26.7228569186 21.6470696335
42.5 60.4030532366 44.1989061771 34.0172101637 27.662085668 22.4869311401
43.0 61.911280448 45.4299082484 35.0744868062 28.6121584232 23.3363272178
43.5 63.4355722476 46.6743780002 36.1436160943 29.5730729787 24.1952446963
44.0 64.975927122 47.9323146089 37.2245978422 30.5448275101 25.0636708156
44.5 66.5323436675 49.2037169426 38.3174318423 31.5274201952 25.9415933055
45.0 68.1048203399 50.4885840223 39.4221179465 32.5208493624 26.8290001931
45.5 69.6933560121 51.7869147292 40.5386558604 33.5251135622 27.725880054
46.0 71.2979492647 53.0987080792 41.6670454265 34.5402114632 28.6322218642
46.5 72.9185990206 54.4239630628 42.8072864411 35.5661417866 29.5480150636
47.0 74.5553042075 55.7626786951 43.9593784991 36.6029034592 30.4732496092
47.5 76.2080635919 57.1148538986 45.1233214812 37.6504953961 31.4079158521
48.0 77.8768764458 58.4804877869 46.2991150047 38.7089167315 32.3520046825
48.5 79.5617416755 59.8595793228 47.4867587523 39.7781665913 33.3055075014
49.0 81.2626585708 61.2521275156 48.6862524609 40.8582443079 34.268416193
49.5 82.9796263007 62.6581315127 49.8975957196 41.9491492269 35.2407231576
50.0 84.7126441788 64.0775903454 51.1207881897 43.050880814 36.2224212563
