# Dynamic ejecta NS-NS merger
# MNmodel1 FRDM1
# kappa = 10 cm^2 g^-1
# m_1 = 1.2 M_sun
# m_2 = 1.2 M_sun
# m_ej = 0.0079 M_sun
# v_ej = 0.12 c
#
# Columns
# 1) time [days]
# 2) M_g (AB)
# 3) M_r (AB)
# 4) M_i (AB)
# 5) M_z (AB)
# 6) M_y (AB)
0.5 -10.4529345219 -10.8930871057 -11.0451311395 -11.0772804286 -11.0624830091
1.0 -10.4294731512 -11.1922510066 -11.5406629109 -11.6922426825 -11.7569239828
1.5 -10.2523695267 -11.2370745282 -11.7238649312 -11.9608029583 -12.0830401254
2.0 -10.0138668999 -11.1803355314 -11.7821092761 -12.0906362226 -12.2616209782
2.5 -9.73021622274 -11.05650655 -11.7604132179 -12.1329679663 -12.3479041818
3.0 -9.39670815462 -10.8728808651 -11.6733124035 -12.1067117758 -12.3637077602
3.5 -9.00550002731 -10.6310969545 -11.5283674866 -12.0230940128 -12.3227582263
4.0 -8.52186997633 -10.3057359633 -11.3061360955 -11.8664473823 -12.2120317278
4.5 -7.99856832187 -9.94062735606 -11.0445822699 -11.6709961566 -12.0631507621
5.0 -7.44421922776 -9.5435772865 -10.7508823673 -11.4434837068 -11.8825442158
5.5 -6.84993632697 -9.10853956985 -10.4207759847 -11.1807687404 -11.667859673
6.0 -6.19761961861 -8.62291519481 -10.0452331622 -10.8761053847 -11.4139971516
6.5 -5.50839435216 -8.10446310204 -9.63973337641 -10.5434993579 -11.133930418
7.0 -4.79021968517 -7.55951689304 -9.2094665356 -10.1873884463 -10.8315671684
7.5 -4.03439545698 -6.98107024549 -8.7484796381 -9.80248572904 -10.5021165017
8.0 -3.22072488747 -6.35501234525 -8.24662225839 -9.38119770447 -10.1398827697
8.5 -2.53981794135 -5.83057024874 -7.82568353507 -9.02747750012 -9.83569058603
9.0 -1.80442845367 -5.26200155233 -7.36735116325 -8.64079533424 -9.50205919387
9.5 -1.06717805659 -4.68921571012 -6.90309360751 -8.24712208014 -9.16090559568
10.0 -0.257939369351 -4.05860944534 -6.39016416978 -7.81075950509 -8.78180199412
10.5 0.475941496841 -3.4855680462 -5.92287829726 -7.41229830022 -8.4350641758
11.0 1.27393650214 -2.86098955059 -5.41209571165 -6.9755733662 -8.05426288573
11.5 2.05640082403 -2.24752843298 -4.90929385567 -6.54477450677 -7.67810049498
12.0 2.83061983437 -1.63963432623 -4.41006652443 -6.11622830063 -7.30343985253
12.5 3.66707209137 -0.981685327952 -3.86847373019 -5.65027699346 -6.89543062758
13.0 4.42855317006 -0.382124332696 -3.37422016502 -5.22443488163 -6.52223543504
13.5 5.21174317466 0.235306755892 -2.864360058 -4.78440060402 -6.13617274169
14.0 6.15673155042 0.981175764987 -2.24740644957 -4.25104085139 -5.66773742012
14.5 6.96233194955 1.61809804135 -1.71943891923 -3.79364158985 -5.26541001342
15.0 7.82424757177 2.3001393096 -1.15333910654 -3.30254267396 -4.83310168277
15.5 8.69819601134 2.9924465904 -0.57786642903 -2.80254508923 -4.39253452933
16.0 9.58420647123 3.6950310395 0.00697304143314 -2.29365705812 -3.94372018575
16.5 10.4823065847 4.40790438433 0.601174052423 -1.77588647174 -3.48667049916
17.0 11.3925220592 5.13107844712 1.204731984 -1.24924104484 -3.02139730585
17.5 12.3148769959 5.86456548937 1.81764298752 -0.713728474012 -2.54791285141
18.0 13.2493939388 6.6083777467 2.43990383169 -0.169356166681 -2.06622911496
18.5 14.1960940873 7.36252771964 3.0715119101 0.383868541806 -1.57635849929
19.0 15.154997014 8.12702764871 3.71246532623 0.945938636546 -1.07831328317
19.5 16.1261213278 8.90188987586 4.3627627387 1.51684719187 -0.572105979233
20.0 17.1094842497 9.68712645073 5.02240329875 2.09658751162 -0.0577491867744
20.5 18.1051019627 10.4827494066 5.69138672028 2.68515304282 0.464744534938
21.0 19.1129894038 11.288770375 6.36971328939 3.28253759034 0.995362418514
21.5 20.133160865 12.1052008349 7.05738358849 3.88873506404 1.53409172928
22.0 21.1656294357 12.9320518119 7.75439874862 4.50373956292 2.08091960081
22.5 22.2104075753 13.7693341596 8.4607603007 5.12754542568 2.63583315434
23.0 23.2675067751 14.6170584046 9.17647006547 5.7601472767 3.19881949776
23.5 24.3369379404 15.4752345111 9.9015302596 6.40153994324 3.76986566618
24.0 25.4187111683 16.3438722923 10.6359433033 7.05171841101 4.3489586831
24.5 26.5128359942 17.2229811371 11.3797119839 7.71067790896 4.93608555939
25.0 27.6193213307 18.1125699398 12.1328392455 8.37841393579 5.53123333391
25.5 28.7381755536 19.0126474398 12.8953282743 9.0549222553 6.13438904695
26.0 29.8694065011 19.9232218391 13.6671823873 9.74019873785 6.74553971864
26.5 31.0130215004 20.8443009541 14.4484051082 10.4342395319 7.36467245342
27.0 32.1690275522 21.7758923957 15.2390000419 11.1370410337 7.9917743534
27.5 33.3374310848 22.7180033381 16.0389708861 11.8485998074 8.62683267616
28.0 34.5182383157 23.6706406461 16.8483215181 12.5689127293 9.26983458356
28.5 35.7114549075 24.6338107885 17.6670556118 13.2979767867 9.92076742394
29.0 36.9170863412 25.6075199425 18.4951771933 14.0357891583 10.5796186402
29.5 38.135137718 26.591774063 19.3326901045 14.7823473744 11.246375773
30.0 39.3656138387 27.5865787108 20.1795982445 15.5376490445 11.9210264358
30.5 40.6085192809 28.5919391447 21.0359055189 16.3016919843 12.6035583924
31.0 41.8638584192 29.6078604829 21.901615777 17.0744742501 13.2939595218
31.5 43.1316352372 30.6343474624 22.7767328044 17.8559940737 13.9922179765
32.0 44.4118536351 31.6714046352 23.6612603766 18.6462497705 14.6983218975
32.5 45.7045173099 32.7190363149 24.5552021861 19.4452400371 15.4122597534
33.0 47.0096296521 33.7772465173 25.4585619177 20.2529635513 16.1340200925
33.5 48.3271940439 34.8460391135 26.3713430758 21.0694191565 16.8635917465
34.0 49.6572136693 35.9254177603 27.2935491188 21.8946060193 17.6009637272
34.5 50.9996914613 37.0153859037 28.225183454 22.7285232842 18.3461252526
35.0 52.3546303176 38.1159468646 29.1662493855 23.5711703068 19.0990658472
35.5 53.7220329846 39.2271036769 30.1167500894 24.4225465717 19.8597751911
36.0 55.1019021105 40.3488593112 31.0766886463 25.2826517444 20.6282433842
36.5 56.494240175 41.4812165422 32.0460680852 26.151485487 21.4044605585
37.0 57.8990497256 42.6241779986 33.0248912602 27.0290477234 22.188417355
37.5 59.3163329653 43.777746228 34.0131610153 27.915338365 22.9801045521
38.0 60.7460921355 44.9419234843 35.0108799656 28.8103575208 23.7795133424
38.5 62.188329569 46.1167121069 36.0180507567 29.7141053361 24.586635175
39.0 63.6430472146 47.3021141064 37.0346758181 30.6265820983 25.4014618305
39.5 65.1102472814 48.4981316298 38.0607575915 31.547788111 26.2239853962
40.0 66.5899315903 49.7047664939 39.0962982899 32.4777238462 27.0541982695
40.5 68.0821021371 50.9220205464 40.1413001021 33.4163897222 27.8920933046
41.0 69.5867608057 52.1498954792 41.1957652376 34.3637863641 28.7376635671
41.5 71.1039096097 53.3883929913 42.2596955241 35.3199143554 29.5909025368
42.0 72.6335501456 54.6375145637 43.3330929889 36.284774419 30.4518040953
42.5 74.175684228 55.8972617208 44.4159593703 37.2583672643 31.3203623755
43.0 75.7303135731 57.1676357984 45.5082964728 38.2406936566 32.1965720295
43.5 77.2974399718 58.4486382756 46.6101058878 39.231754433 33.0804278339
44.0 78.8770650947 59.7402703626 47.7213892514 40.231550468 33.9719252133
44.5 80.4691905011 61.0425331981 48.8421479799 41.240082604 34.8710597855
45.0 82.0738178872 62.3554280907 49.9723835199 42.257351809 35.7778275347
45.5 83.6909488552 63.6789561376 51.112097248 43.2833589792 36.6922249175
46.0 85.3205849264 65.0131183995 52.2612903969 44.3181050759 37.6142486941
46.5 86.9627278378 66.3579159075 53.4199641744 45.3615912811 38.5438959392
47.0 88.6173790001 67.7133495757 54.5881197992 46.4138182772 39.4811641858
47.5 90.2845400444 69.0794205832 55.7657583251 47.4747873263 40.4260512207
48.0 91.9642125069 70.4561295684 56.9528808111 48.5444992836 41.3785553901
48.5 93.6563977975 71.84347768 58.1494881571 49.6229553132 42.3386750582
49.0 95.3610975536 73.2414657085 59.3555814285 50.7101563106 43.3064092124
49.5 97.0783132403 74.6500944687 60.5711613323 51.8061034507 44.2817570414
50.0 98.8080463979 76.0693647894 61.7962288205 52.9107977144 45.2647181077
