# Dynamic ejecta NS-BH merger
# MNmodel1 FRDM
# kappa = 10 cm^2 g^-1
# m_ns = 1.4 M_sun
# m_bh = 7.0 M_sun
# chi = 0.9
# m_ej = 0.07 M_sun
# v_ej = 0.18 c
#
# Columns
# 1) time [days]
# 2) M_g (AB)
# 3) M_r (AB)
# 4) M_i (AB)
# 5) M_z (AB)
# 6) M_y (AB)
0.5 -10.25162797 -11.1665174471 -11.6095193858 -11.8193473141 -11.9232366273
1.0 -9.74067289268 -11.0766024884 -11.7866964584 -12.1631421972 -12.3807596794
1.5 -9.31416950006 -10.9192575501 -11.8032042221 -12.2894773319 -12.5832442422
2.0 -8.96395495426 -10.7676725412 -11.7810436254 -12.3496219154 -12.7010150082
2.5 -8.64895619642 -10.614193153 -11.733355004 -12.3694950892 -12.7685256097
3.0 -8.34166025005 -10.4484299085 -11.6606126147 -12.3563425026 -12.7976267762
3.5 -8.03793021227 -10.2725363297 -11.5689439792 -12.3187594809 -12.7985798522
4.0 -7.72588186074 -10.0806314673 -11.4563366239 -12.2571747645 -12.7735055214
4.5 -7.41199079832 -9.87915595923 -11.3291538293 -12.1778745824 -12.7286037539
5.0 -7.08209936339 -9.65948136278 -11.1823855549 -12.0781636961 -12.6628230203
5.5 -6.72905488216 -9.41680682526 -11.0127642029 -11.955755699 -12.5745800926
6.0 -6.36457311175 -9.16070145278 -10.8284182464 -11.8178408635 -12.4703818182
6.5 -5.983975244 -8.88863406951 -10.6282209673 -11.6641944189 -12.350654759
7.0 -5.58665481188 -8.60039974006 -10.4122178752 -11.4950193307 -12.2157169109
7.5 -5.16482130119 -8.28953254709 -10.1748050406 -11.3052667718 -12.0609284245
8.0 -4.71562075649 -7.95601427589 -9.91782477607 -11.0979842227 -11.8902309332
8.5 -4.2622533758 -7.61511685881 -9.65128967699 -10.8797648043 -11.7077020178
9.0 -3.77972853331 -7.25064787499 -9.36481049929 -10.6439850418 -11.5095031693
9.5 -3.2781460795 -6.86818781819 -9.06096508122 -10.3912674617 -11.2948177833
10.0 -2.74170866972 -6.45818342749 -8.73430095647 -10.1188227672 -11.0628511734
10.5 -2.20937668974 -6.04776531922 -8.4041385212 -9.84088475727 -10.8240434606
11.0 -1.64170740874 -5.60928387217 -8.05057937454 -9.5425930169 -10.5673127809
11.5 -1.06140609505 -5.15918098797 -7.68592927215 -9.2335556659 -10.3002520761
12.0 -0.464400139481 -4.69446463718 -7.30789500792 -8.91192778609 -10.0213589128
12.5 0.171940460395 -4.19836499504 -6.90352536408 -8.56723543529 -9.72205301123
13.0 0.78603925086 -3.71786013379 -6.51024496777 -8.23068142086 -9.42880583042
13.5 1.42355156395 -3.21811285082 -6.10028307932 -7.87908505503 -9.12193430619
14.0 2.14905820998 -2.6498773907 -5.63434436058 -7.47960475205 -8.77358476261
14.5 2.82870689692 -2.11468832684 -5.19293169182 -7.09907152499 -8.44008159488
15.0 3.54660992411 -1.54904290081 -4.72593390121 -6.69606324464 -8.08670001245
15.5 4.28420185788 -0.9669233042 -4.24434752655 -6.27962800711 -7.72099602012
16.0 5.04146609272 -0.368354899622 -3.74819751315 -5.84978074573 -7.34298591763
16.5 5.81838737389 0.246638742556 -3.23750789205 -5.40653640625 -6.95268629491
17.0 6.61495196204 0.878035853017 -2.71230234546 -4.94991000759 -6.55011418223
17.5 7.43114717621 1.52581640104 -2.1726036028 -4.47991651536 -6.13528706093
18.0 8.26696139725 2.18996196708 -1.61843372599 -3.99657109661 -5.70822276261
18.5 9.12238400531 2.870455815 -1.04981396343 -3.49988867633 -5.26893955727
19.0 9.99740528595 3.56728259533 -0.466764647513 -2.98988434506 -4.81745597959
19.5 10.8920161574 4.28042847173 0.130694811177 -2.46657308854 -4.35379115441
20.0 11.8062082736 5.00988099543 0.742545690218 -1.92996972915 -3.87796441266
20.5 12.7399739688 5.75562886486 1.36877034187 -1.38008920935 -3.38999554377
21.0 13.6933059276 6.51766209488 2.00935205843 -0.81694615056 -2.88990463099
21.5 14.6661974258 7.29597162435 2.66427498251 -0.240555096785 -2.3777122414
22.0 15.6586420728 8.09054949204 3.33352427389 0.349069506856 -1.85343909443
22.5 16.6706339167 8.90138861486 4.01708586742 0.951913476411 -1.31710642915
23.0 17.7021672443 9.72848279627 4.71494682567 1.56796270345 -0.768735711115
23.5 18.7532366568 10.5718263835 5.42709491848 2.19720347038 -0.208348717806
24.0 19.8238369683 11.4314145884 6.15351895925 2.83962212927 0.364032434233
24.5 20.9139632947 12.3072431066 6.89420859118 3.49520541625 0.948385357875
25.0 22.0236108411 13.1993081445 7.64915417952 4.1639402829 1.54468746391
25.5 23.1527750398 14.1076064551 8.41834698027 4.84581396205 2.15291585672
26.0 24.3014514197 15.0321351271 9.20177904105 5.54081402219 2.7730474135
26.5 25.4696357134 15.972891573 9.99944309587 6.24892827362 3.40505877892
27.0 26.6573237373 16.9298735105 10.8113326121 6.97014500935 4.04892648792
27.5 27.8645114619 17.9030789499 11.6374418227 7.70445273461 4.70462683706
28.0 29.0911948677 18.8925060608 12.477765279 8.45184034435 5.37213601812
28.5 30.3373700686 19.8981531807 13.3322984418 9.21229714086 6.05143013753
29.0 31.6030333532 20.92001894 14.2010371869 9.98581269204 6.7424850721
29.5 32.8881810358 21.9581018247 15.0839778622 10.7723771135 7.44527674683
30.0 34.1928093175 23.0124006747 15.9811172605 11.571980742 8.15978110976
30.5 35.5169148491 24.0829142584 16.8924526667 12.384614369 8.88597389702
31.0 36.8604941036 25.1696413602 17.8179817808 13.210269233 9.62383105357
31.5 38.2235436329 26.2725808963 18.7577025734 14.0489368168 10.3733285372
32.0 39.6060602022 27.3917318729 19.711613237 14.9006091339 11.1344422441
32.5 41.0080405088 28.5270931216 20.6797125403 15.7652785136 11.9071483737
33.0 42.4294813108 29.6786636371 21.6619991697 16.6429376864 12.6914231715
33.5 43.8703796832 30.8464423322 22.6584722442 17.5335797602 13.4872431161
34.0 45.3307324541 32.0304281279 23.6691309861 18.437198235 14.2945848479
34.5 46.8105367684 33.2306199959 24.6939747926 19.3537869756 15.1134252803
35.0 48.3097896591 34.4470167812 25.7330031031 20.2833402229 15.9437415888
35.5 49.828488445 35.6796174865 26.7862156851 21.2258525182 16.7855113624
36.0 51.3666305069 36.9284209615 27.8536122446 22.1813187675 17.6387123467
36.5 52.9242130658 38.1934259366 28.9351925574 23.1497342687 18.5033229055
37.0 54.501233799 39.4746314154 30.0309565048 24.1310946166 19.3793216566
37.5 56.0976900462 40.772036141 31.1409040924 25.1253956206 20.266687738
38.0 57.7135796604 42.0856389581 32.2650351272 26.1326335535 21.1654007809
38.5 59.3489002872 43.4154387049 33.4033496551 27.1528049587 22.0754408792
39.0 61.0036498598 44.7614340783 34.5558476331 28.1859065018 22.9967888156
39.5 62.6778264024 46.1236239407 35.7225290055 29.2319352563 23.9294257239
40.0 64.3714277326 47.502006987 36.9033937334 30.2908885192 24.8733335232
40.5 66.0844522642 48.8965820223 38.0984417783 31.3627638009 25.8284947459
41.0 67.8168981081 50.3073477152 39.3076730326 32.447558953 26.7948925611
41.5 69.5687635697 51.7343029924 40.5310873797 33.5452718671 27.7725107661
42.0 71.3400471895 53.1774465005 41.7686847994 34.655900755 28.7613339922
42.5 73.1307475972 54.6367769395 43.0204649976 35.7794439722 29.7613474475
43.0 74.9408632262 56.1122931898 44.2864278465 36.9159001422 30.772537249
43.5 76.7703930164 57.6039940432 45.5665731005 38.0652678965 31.7948900843
44.0 78.6193358288 59.1118782056 46.8609004387 39.2275461789 32.8283935947
44.5 80.4876904969 60.6359445236 48.1694096092 40.4027340032 33.8730360929
45.0 82.3754561414 62.176191774 49.4921002784 41.5908305436 34.9288066812
45.5 84.282632009 63.7326188864 50.8289720663 42.7918351284 35.9956953846
46.0 86.2092171342 65.3052247697 52.1800246097 44.0057470583 37.0736928562
46.5 88.155211165 66.8940081501 53.5452573642 45.2325659672 38.1627906684
47.0 90.1206132667 68.498968079 54.9246699456 46.4722914413 39.2629811337
47.5 92.1054230164 70.1201035399 56.3182618987 47.7249230331 40.3742573252
48.0 94.1096402153 71.7574133752 57.7260326218 48.9904607292 41.4966132784
48.5 96.133264457 73.4108967424 59.1479816385 50.268904196 42.6300436024
49.0 98.1762955246 75.0805527338 60.5841082775 51.5602534946 43.7745437694
49.5 100.238733237 76.7663803287 62.0344121543 52.8645085452 44.9301099972
50.0 102.320577654 78.4683786937 63.498892455 54.1816693987 46.0967392728
