# Dynamic ejecta NS-NS merger
# MNmodel1 FRDM
# kappa = 10 cm^2 g^-1
# m_1 = 1.2 M_sun
# m_2 = 1.4 M_sun
# m_ej = 0.0159 M_sun
# v_ej = 0.11 c
#
# Columns
# 1) time [days]
# 2) M_g (AB)
# 3) M_r (AB)
# 4) M_i (AB)
# 5) M_z (AB)
# 6) M_y (AB)
0.5 -10.534971576 -10.8578839914 -10.9401843983 -10.9304212591 -10.888009151
1.0 -10.6845533113 -11.2917882789 -11.5447541329 -11.6380232967 -11.6637486107
1.5 -10.6326275364 -11.4359146693 -11.8094024207 -11.9763804888 -12.0513981601
2.0 -10.5208827441 -11.4805207127 -11.9515633641 -12.1787416146 -12.2943662036
2.5 -10.3842162796 -11.4738784621 -12.0269007789 -12.3050069567 -12.4552251187
3.0 -10.2232725803 -11.4285851139 -12.0550993605 -12.3791005592 -12.5606775651
3.5 -10.0342758899 -11.3489020766 -12.0453256384 -12.413176303 -12.6248724897
4.0 -9.81712285199 -11.2370491791 -12.0011806891 -12.411663045 -12.6527845967
4.5 -9.57247302613 -11.0952296325 -11.9257907145 -12.378241955 -12.6484644005
5.0 -9.29503365533 -10.9217156051 -11.8196912874 -12.3148653348 -12.6148419426
5.5 -8.98518144585 -10.7167348071 -11.6829901842 -12.2215583274 -12.5518866748
6.0 -8.63992457869 -10.4798505389 -11.5168987646 -12.100577244 -12.4625919282
6.5 -8.26240929891 -10.2142246936 -11.324579866 -11.9550868129 -12.3501343785
7.0 -7.8554879366 -9.92181064374 -11.1073832482 -11.7860503057 -12.2152135592
7.5 -7.44159127611 -9.61996410217 -10.8793011819 -11.6052972509 -12.0681248785
8.0 -6.99339693656 -9.28996296498 -10.6272506167 -11.4033580925 -11.9019734878
8.5 -6.50018971731 -8.91995113789 -10.338611378 -11.1671256737 -11.70332289
9.0 -5.97072449769 -8.52056309993 -10.0252429108 -10.9092521027 -11.485414104
9.5 -5.46154940449 -8.13430627327 -9.72033657452 -10.656908949 -11.271081081
10.0 -4.90441733392 -7.70982388902 -9.38368472833 -10.3770851076 -11.0325199312
10.5 -4.38746208614 -7.31367882117 -9.06754127353 -10.1127663882 -10.8059816809
11.0 -3.82636208198 -6.88217441975 -8.72184245316 -9.82270973549 -10.5566465846
11.5 -3.27218324484 -6.45457658734 -8.37801855743 -9.53326020383 -10.3071476045
12.0 -2.71987672705 -6.02714936494 -8.03318544272 -9.24207641109 -10.0555323982
12.5 -2.12382834519 -5.5645650085 -7.65879550332 -8.92501026882 -9.78090936015
13.0 -1.57355152389 -5.13667854939 -7.31170102884 -8.63045471694 -9.52540268968
13.5 -1.00542729455 -4.69397371846 -6.95169116958 -8.32424099417 -9.25931866138
14.0 -0.327670441251 -4.1648783455 -6.5204744981 -7.95671439953 -8.93949136346
14.5 0.261010242875 -3.70380102694 -6.14328365174 -7.63412320018 -8.6579656313
15.0 0.890182930517 -3.21032491981 -5.73887263744 -7.28768214349 -8.3552891976
15.5 1.53044368102 -2.70722345215 -5.32564304698 -6.93294277515 -8.04488193081
16.0 2.18180658786 -2.19450357741 -4.90360620612 -6.5699120796 -7.72675129547
16.5 2.84428544525 -1.67217133246 -4.47277317801 -6.19859694234 -7.40090508811
17.0 3.51789402528 -1.14023173736 -4.03315448145 -5.81900430231 -7.06735109699
17.5 4.20264584292 -0.598688791362 -3.58476030143 -5.43114097768 -6.72609725881
18.0 4.89855413347 -0.0475455760655 -3.1276004138 -5.03501391563 -6.37715163096
18.5 5.60563175919 0.513195578273 -2.66168422455 -4.63062995971 -6.02052242899
19.0 6.32389119071 1.08353322483 -2.18702059585 -4.21799585317 -5.65621789095
19.5 7.05334463158 1.66346656547 -1.70361808379 -3.79711838319 -5.284246531
20.0 7.79400363017 2.25299552938 -1.21148470545 -3.36800428142 -4.90461678571
20.5 8.54587945227 2.85212077828 -0.710628082753 -2.93066018303 -4.51733741138
21.0 9.30898286085 3.46084332631 -0.201055394672 -2.48509273727 -4.12241710344
21.5 10.0833242007 4.07916490452 0.317226662161 -2.03130846131 -3.71986478794
22.0 10.8689132518 4.70708748565 0.844211777863 -1.56931381883 -3.30968941672
22.5 11.6657594478 5.34461360783 1.37989409652 -1.09911518729 -2.89190009815
23.0 12.4738717403 5.99174612508 1.92426824745 -0.620718860557 -2.46650607917
23.5 13.2932586954 6.64848824414 2.47732917048 -0.134131161386 -2.03351658431
24.0 14.1239283 7.31484329886 3.03907236264 0.360641907209 -1.59294103532
24.5 14.9658882785 7.99081495059 3.60949360578 0.863594226127 -1.14478897403
25.0 15.8191459986 8.67640701613 4.18858916988 1.37471990252 -0.689069929502
25.5 16.6837082122 9.37162340593 4.77635563773 1.89401307231 -0.22579360852
26.0 17.5595815777 10.0764682947 5.37279009289 2.42146811542 0.245030233757
26.5 18.4467722082 10.7909457411 5.97788980595 2.95707928399 0.723391755949
27.0 19.345285921 11.5150599441 6.59165258958 3.5008412319 1.20928106776
27.5 20.2551282903 12.2488151505 7.21407637317 4.05274857119 1.70268814174
28.0 21.1763045705 12.992215581 7.84515960454 4.6127960756 2.20360297604
28.5 22.1088194878 13.7452653877 8.48490090834 5.1809786267 2.71201539422
29.0 23.0526778222 14.5079687498 9.13329922771 5.75729126264 3.22791525968
29.5 24.0078839135 15.2803298545 9.79035388937 6.34172920638 3.75129234523
30.0 24.9744418838 16.0623526576 10.456064264 6.93428770477 4.28213636321
30.5 25.952355538 16.854041139 11.1304301475 7.53496226808 4.82043702848
31.0 26.9416285739 17.6553991364 11.8134513805 8.14374849618 5.36618402337
31.5 27.9422644841 18.4664304742 12.5051282478 8.76064203647 5.91936690601
32.0 28.9542664461 19.287138892 13.2054610104 9.38563893191 6.47997532983
32.5 29.9776374516 20.1175277675 13.9144501829 10.0187351082 7.04799890267
33.0 31.0123804204 20.9576007607 14.6320964416 10.6599267674 7.62342718505
33.5 32.0584980745 21.8073610435 15.3584006348 11.3092102706 8.20624976776
34.0 33.1159928711 22.6668119378 16.0933636995 11.9665820674 8.79645622766
34.5 34.1848672003 23.5359564828 16.8369867024 12.6320387743 9.39403622065
35.0 35.2651233463 24.4147976694 17.5892708135 13.3055771762 9.9989793942
35.5 36.3567633432 25.3033383494 18.3502172904 13.9871942302 10.6112753026
36.0 37.4597892401 26.2015812206 19.1198274697 14.6768869322 11.2309137729
36.5 38.5742029183 27.1095290262 19.8981027534 15.3746525575 11.8578844546
37.0 39.7000060413 28.0271841462 20.6850446301 16.0804884312 12.492177201
37.5 40.8372003151 28.9545490374 21.4806546214 16.7943919181 13.1337818527
38.0 41.9857871971 29.8916259067 22.2849341969 17.5163608288 13.782688385
38.5 43.1457683232 30.8384170799 23.097884979 18.2463928479 14.4388867362
39.0 44.3171450166 31.7949244721 23.919508545 18.9844858991 15.1023670711
39.5 45.499918573 32.7611501236 24.7498065052 19.7306379697 15.7731195753
40.0 46.6940901149 33.7370959434 25.588780447 20.4848471918 16.4511345492
40.5 47.8996609951 34.7227636406 26.436431993 21.2471119231 17.1364023719
41.0 49.1166322159 35.7181549241 27.2927627752 22.0174305171 17.8289136612
41.5 50.3450048845 36.7232714048 28.1577742367 22.7958014641 18.528658999
42.0 51.5847799454 37.7381145256 29.031468058 23.5822234936 19.2356292625
42.5 52.8359583771 38.7626858365 29.9138458036 24.3766952019 19.9498154254
43.0 54.0985411174 39.7969866608 30.8049088694 25.1792155558 20.6712085116
43.5 55.3725289883 40.8410181959 31.7046588058 25.9897835318 21.399799898
44.0 56.6579228381 41.8947817468 32.6130970471 26.8083980077 22.1355810085
44.5 57.9547235987 42.9582784085 33.5302250107 27.6350583617 22.8785434646
45.0 59.2629318678 44.0315092088 34.4560440673 28.4697637184 23.6286790799
45.5 60.5825484137 45.1144752706 35.3905555405 29.3125133868 24.3859799079
46.0 61.9135740793 46.2071774696 36.3337607438 30.163306805 25.1504381374
46.5 63.2560094802 47.3096168027 37.2856609772 31.0221434866 25.9220462058
47.0 64.6098552961 48.4217940471 38.2462573066 31.8890231012 26.7007967886
47.5 65.9751123282 49.5437099383 39.2155509757 32.7639450959 27.4866827247
48.0 67.3517810581 50.6753654122 40.1935431778 33.646909358 28.2796971469
48.5 68.7398622905 51.8167609839 41.1802349322 34.5379155342 29.0798333372
49.0 70.139356551 52.9678974842 42.1756272437 35.4369636657 29.8870849187
49.5 71.5502644261 54.1287754408 43.1797211428 36.3440534613 30.70144568
50.0 72.9725867287 55.2993954723 44.1925175389 37.2591849805 31.5229097681
