# Wind model
# MNmodel1 FRDM
# kappa = 1 cm^2 g^-1
# m_w = 0.05 M_sun
# v_w = 0.1 c
# Y_e = 0.25
#
# Columns
# 1) time [days]
# 2) M_g (AB)
# 3) M_r (AB)
# 4) M_i (AB)
# 5) M_z (AB)
# 6) M_y (AB)
0.5 -13.5000763185 -13.4808939105 -13.3649138208 -13.2372843874 -13.1178246236
1.0 -13.5186986581 -13.7941562379 -13.84848786 -13.8219895728 -13.7685876518
1.5 -13.5735833481 -14.0198257732 -14.1755171517 -14.2098656304 -14.1965209459
2.0 -13.651435216 -14.2135530419 -14.4390964845 -14.5157029086 -14.530349852
2.5 -13.6705915529 -14.3310289693 -14.6164868007 -14.7295519448 -14.7684695635
3.0 -13.6091365278 -14.3650931452 -14.7092911813 -14.8582865281 -14.9212349707
3.5 -13.4706460742 -14.3272070221 -14.7338007541 -14.9211565232 -15.0098847137
4.0 -13.2586718082 -14.2213879659 -14.6943629812 -14.9227381465 -15.0391732513
4.5 -12.9831802585 -14.0530383229 -14.5935282086 -14.8638300931 -15.0087328825
5.0 -12.6560099988 -13.846893166 -14.4642106062 -14.7824567462 -14.9600921744
5.5 -12.293924842 -13.6022775544 -14.2946782112 -14.6600007908 -14.8699563537
6.0 -11.9119045372 -13.3380645084 -14.1062146205 -14.5192319771 -14.7621076372
6.5 -11.4969120256 -13.0447779328 -13.891602601 -14.3543489874 -14.6317295378
7.0 -11.0413387566 -12.7159682139 -13.6451320977 -14.1601126276 -14.4739267344
7.5 -10.5978864674 -12.3924997716 -13.3999212314 -13.9647070359 -14.3134347969
8.0 -10.122153437 -12.0422788833 -13.1318511094 -13.7490705796 -14.134730918
8.5 -9.66261177165 -11.7008538941 -12.8679643248 -13.5348006291 -13.9555699455
9.0 -9.16457639511 -11.3282141289 -12.5778428182 -13.2976044535 -13.7559899795
9.5 -8.68408484609 -10.9664805059 -12.2944158818 -13.0645061848 -13.5588166859
10.0 -8.15301158948 -10.5643129191 -11.9773817255 -12.8022920505 -13.3358998042
10.5 -7.66700333571 -10.1945096936 -11.6844153199 -12.5588866088 -13.1281676973
11.0 -7.13524931283 -9.78797683525 -11.3607481101 -12.2887484151 -12.89671152
11.5 -6.61021635349 -9.38502444102 -11.038623287 -12.0189070972 -12.6648025494
12.0 -6.08727681238 -8.9822858929 -10.7154827262 -11.7473154787 -12.4307540163
12.5 -5.51902033277 -8.54299323584 -10.3615829572 -11.4487765496 -12.1726912365
13.0 -4.99164050839 -8.13444186066 -10.0316860924 -11.1699189904 -11.931292952
13.5 -4.44382105391 -7.70889357877 -9.6870258772 -10.8777877342 -11.6778560417
14.0 -3.78702843841 -7.19723503658 -9.27129801043 -10.5243996489 -11.3705714374
14.5 -3.21805537444 -6.75255748247 -8.90870120964 -10.2151882633 -11.1010194102
15.0 -2.60633124253 -6.27353362548 -8.51720435278 -9.88064101263 -10.8089391203
15.5 -1.98189501316 -5.78346860418 -8.11565039354 -9.5366983866 -10.5081311944
16.0 -1.34473979661 -5.28237829376 -7.70405482244 -9.18336870471 -10.1986041776
16.5 -0.694857838871 -4.77027717665 -7.28243280549 -8.82066023508 -9.88036656228
17.0 -0.0322406923533 -4.24717838565 -6.85079911673 -8.44858140349 -9.55342733304
17.5 0.643120654636 -3.71309373683 -6.40916811886 -8.06714058946 -9.21779539636
18.0 1.33123552726 -3.16803372392 -5.95755388337 -7.67634624528 -8.87347993956
18.5 2.03211347552 -2.61200755962 -5.49596989815 -7.27620668507 -8.52049028964
19.0 2.74576431114 -2.045023385 -5.02442933194 -6.86673042699 -8.1588359116
19.5 3.47219776409 -1.46708814304 -4.54294485559 -6.44792579352 -7.78852650619
20.0 4.2114234832 -0.878207524515 -4.05152854983 -6.01980120508 -7.40957195743
20.5 4.96345113787 -0.278386422731 -3.55019213514 -5.58236503505 -7.02198221346
21.0 5.72829017008 0.332371298117 -3.03894674999 -5.13562557758 -6.62576741111
21.5 6.50594981279 0.954062759004 -2.51780309488 -4.67959107071 -6.22093792993
22.0 7.29643899643 1.5866858593 -1.98677121346 -4.21426982734 -5.80750421503
22.5 8.09976636761 2.23023924193 -1.44586074736 -3.73966997935 -5.38547690053
23.0 8.91594039935 2.88472231502 -0.895080710278 -3.25579960097 -4.95486687026
23.5 9.74496904907 3.55013511512 -0.334439619927 -2.76266677669 -4.51568499961
24.0 10.5868601144 4.22647816802 0.23605455223 -2.26027941483 -4.06794242699
24.5 11.4416209224 4.91375259755 0.816394305743 -1.74864536459 -3.61165038757
25.0 12.3092585551 5.61196001213 1.40657283097 -1.22777240013 -3.14682029268
25.5 13.1897796892 6.32110230677 2.00658362956 -0.697668160212 -2.67346363416
26.0 14.0831906856 7.04118179941 2.61642086065 -0.158340197754 -2.19159213954
26.5 14.9894975302 7.7722010701 3.23607914935 0.390204134624 -1.70121754499
27.0 15.908706086 8.51416300916 3.86555353283 0.947957441788 -1.20235183156
27.5 16.8408216306 9.26707068342 4.50483961097 1.51491262144 -0.695006991044
28.0 17.7858493314 10.030927133 5.15393340709 2.09106270185 -0.179195256337
28.5 18.7437939499 10.8057358774 5.81283143263 2.67640077841 0.34507118723
29.0 19.7146600288 11.591500213 6.48153053128 3.27092017471 0.877779950648
29.5 20.6984518368 12.3882236932 7.16002802532 3.87461424123 1.41891851548
30.0 21.6951732539 13.195909818 7.84832160304 4.48747665608 1.96847435919
30.5 22.7048281735 14.0145620915 8.54640931939 5.10950118085 2.52643485427
31.0 23.7274200492 14.8441840447 9.25428957307 5.74068177691 3.09278724392
31.5 24.7629521993 15.6847791795 9.97196109406 6.38101251826 3.66751877067
32.0 25.8114276311 16.5363508755 10.6994229069 7.03048769999 4.25061657388
32.5 26.8728492519 17.3989025275 11.4366743021 7.68910186965 4.84206781837
33.0 27.9472197136 18.2724374521 12.183714942 8.35684960962 5.4418595032
33.5 29.0345415947 19.1569588335 12.9405445788 9.03372576713 6.0499787357
34.0 30.1348170596 20.0524698167 13.7071633088 9.71972541282 6.66641245096
34.5 31.2480484361 20.9589734151 14.4835713749 10.4148437073 7.29114768738
35.0 32.3742376711 21.8764725197 15.2697691939 11.1190761227 7.92417146687
35.5 33.5133866893 22.8049699911 16.0657574108 11.8324182667 8.56547077374
36.0 34.6654970905 23.7444684885 16.8715367519 12.5548658604 9.21503266841
36.5 35.8305706042 24.6949706353 17.6871081877 13.2864148574 9.87284418462
37.0 37.008608738 25.6564788686 18.5124726059 14.0270615006 10.5388923899
37.5 38.1996128728 26.6289956039 19.347631307 14.7768020839 11.2131644745
38.0 39.4035842834 27.6125230621 20.1925852793 15.5356331517 11.8956476761
38.5 40.6205241259 28.6070633575 21.0473359545 16.3035513542 12.5863292819
39.0 41.8504335731 29.612618627 21.9118845649 17.0805536338 13.2851966768
39.5 43.0933136183 30.6291907111 22.7862325441 17.8666370371 13.992237301
40.0 44.349165202 31.6567814298 23.6703812957 18.6617987928 14.7074388267
40.5 45.6179893351 32.6953925871 24.5643322683 19.466036327 15.4307889635
41.0 46.8997867112 33.7450257496 25.4680869038 20.2793471906 16.1622755517
41.5 48.194558162 34.8056824971 26.3816466867 21.1017291046 16.9018866451
42.0 49.5023044517 35.8773642308 27.3050131152 21.9331799229 17.6496104181
42.5 50.823026254 36.9600722713 28.2381876029 22.7736977399 18.4054352281
43.0 52.1567240945 38.053807957 29.1811716724 23.623280734 19.1693496058
43.5 53.5033986602 39.1585725039 30.1339666555 24.4819271678 19.9413423058
44.0 54.8630506156 40.2743669541 31.0965740572 25.3496356195 20.7214023178
44.5 56.2356803634 41.4011924152 32.0689952058 26.226404594 21.5095188024
45.0 57.6212884494 42.539049742 33.0512314148 27.1122328566 22.3056811836
45.5 59.0198754345 43.6879400247 34.0432840435 28.0071192838 23.1098791578
46.0 60.4314417313 44.8478639078 35.045154415 28.9110628171 23.9221026283
46.5 61.8559878528 46.0188223299 36.056843626 29.8240625399 24.7423418201
47.0 63.2935142383 47.2008159051 37.0783529827 30.7461176502 25.5705871716
47.5 64.7440213894 48.3938453788 38.1096835352 31.6772274425 26.4068294645
48.0 66.2075096578 49.5979113245 39.1508364394 32.617391321 27.2510597427
48.5 67.6839795482 50.8130143598 40.2018127272 33.566608693 28.1032694173
49.0 69.1734314698 52.0391550162 41.2626134448 34.5248792449 28.9634501855
49.5 70.6758658566 53.276333776 42.3332394866 35.4922026017 29.8315940399
50.0 72.1912832087 54.5245510137 43.4136918199 36.4685784184 30.7076932545
