# Wind model
# MNmodel1 FRDM
# kappa = 1 cm^2 g^-1
# m_w = 0.01 M_sun
# v_w = 0.5 c
# Y_e = 0.25
#
# Columns
# 1) time [days]
# 2) M_g (AB)
# 3) M_r (AB)
# 4) M_i (AB)
# 5) M_z (AB)
# 6) M_y (AB)
0.5 -13.6332585216 -14.3011383124 -14.5911545101 -14.7070013641 -14.7477754688
1.0 -12.9157157738 -14.0519842389 -14.6345617247 -14.9310987811 -15.0938896322
1.5 -11.3091170476 -12.9584052655 -13.8710791688 -14.3755843606 -14.6820766325
2.0 -9.3949696461 -11.559071055 -12.8090051825 -13.528962933 -13.9874881923
2.5 -7.52333940154 -10.1547336073 -11.7133837392 -12.6322567274 -13.2336129604
3.0 -5.74507534008 -8.80124133069 -10.6411434879 -11.742162641 -12.4762108566
3.5 -3.97915831074 -7.44362830488 -9.55353228324 -10.8299377538 -11.693399907
4.0 -2.24282608375 -6.09894991431 -8.46698902988 -9.9113271962 -10.9001858646
4.5 -0.523076312975 -4.75960892011 -7.37727363307 -8.98406162304 -10.0955842537
5.0 1.19621387425 -3.41442120161 -6.27638305013 -8.04205114225 -9.27482133811
5.5 2.89928398329 -2.07725867167 -5.17699433766 -7.09707957452 -8.44888634298
6.0 4.62830009763 -0.715907868719 -4.05342804716 -6.12761890559 -7.59937644993
6.5 6.35285317388 0.645076575811 -2.9265381653 -5.1520542322 -6.74269836856
7.0 7.99237091147 1.94140693341 -1.85031723903 -4.21771399965 -5.92079304062
7.5 9.84361246842 3.40762804204 -0.630151594695 -3.15564857718 -4.98509272328
8.0 11.8905664521 5.03147537998 0.724233777126 -1.97376120721 -3.94233715953
8.5 14.0469138008 6.74502390449 2.15665806429 -0.720574116099 -2.8350656216
9.0 15.9826036919 8.28701664916 3.44932422705 0.413739163123 -1.83077457185
9.5 18.0974890965 9.9733215714 4.86475577161 1.65776017381 -0.72862960249
10.0 20.2712237215 11.7089519916 6.32396814062 2.94268728957 0.410871688321
10.5 22.5038854423 13.4939787058 7.8269568382 4.26845637578 1.58759236367
11.0 24.795541865 15.32846868 9.37372554904 5.63500766069 2.80139454427
11.5 27.1462515592 17.2124845325 10.9642844337 7.04228633511 4.05213958934
12.0 29.5560653744 19.146083972 12.5986493443 8.49024265001 5.33968875317
12.5 32.0250274316 21.1293199461 14.2768401132 9.97883174351 6.66390369765
13.0 34.5531761152 23.1622403084 15.9988796959 11.5080134198 8.02464702312
13.5 37.1405446437 25.2448884139 17.7647931257 13.0777524209 9.42178291377
14.0 39.7871623023 27.3773027767 19.5746066608 14.6880180887 10.8551777649
14.5 42.4930544837 29.5595180465 21.4283469499 16.3387841027 12.3247008002
15.0 45.2582438232 31.7915647783 23.3260406118 18.0300284402 13.8302247975
15.5 48.0827501805 34.0734701418 25.2677134877 19.7617328992 15.3716265174
16.0 50.9665914402 36.405258055 27.253390557 21.533882966 16.948787593
16.5 53.9097837859 38.7869494986 29.2830954543 23.346467501 18.5615950154
17.0 56.912341811 41.2185629369 31.3568503467 25.1994783896 20.2099416825
17.5 59.9742791536 43.7001145633 33.474675833 27.092910306 21.8937270359
18.0 63.0956098991 46.2316187355 35.6365907528 29.0267602324 23.6128575941
18.5 66.276340689 48.8130876964 37.8426125148 31.0010275288 25.3672471311
19.0 69.5164961995 51.4445325353 40.0927565934 33.0157130976 27.1568174333
19.5 72.8160225879 54.1259627922 42.3870370468 35.0708197426 28.9814983028
20.0 76.1755287738 56.8573868868 44.7254663913 37.1663513524 30.8412279633
20.5 79.590000959 59.6388124714 47.1080558419 39.3023131232 32.7359530227
21.0 83.0721636807 62.4702462005 49.5348150925 41.4787108321 34.6656287486
21.5 86.5414874525 65.3516942128 52.0057527765 43.695551275 36.630218867
22.0 91.6205592554 68.2831621215 54.5208764575 45.952841667 38.6296954362
22.5 91.7849732504 71.2646549996 57.0801925594 48.2505895416 40.6640388033
23.0 nan 74.2961779946 59.6837067942 50.5888026826 42.7332371892
23.5 94.1156218848 77.3777345207 62.3314240215 52.967489092 44.8372863203
24.0 nan 80.5093371448 65.0233483282 55.3866567011 46.9761890757
24.5 98.5392178453 83.6909531399 67.759483273 57.8463134698 49.1499550956
25.0 nan 86.9227162053 70.5398320302 60.3464672207 51.3586000191
25.5 100.00926149 90.2036972624 73.3643970202 62.8871255797 53.6021451814
26.0 nan 93.540806137 76.2331806855 65.4682960515 55.8806169626
26.5 103.310174438 96.9078352716 79.1461846531 68.0899857841 58.19404612
27.0 nan 100.506623185 82.1034110904 70.7522018527 60.542467327
27.5 106.137089877 102.82959386 85.1048597158 73.4549508289 62.9259184674
28.0 nan 106.306910293 88.1505380217 76.198239195 65.3444402523
28.5 108.751135714 107.186025302 91.2404316426 78.9820729808 67.7980754171
29.0 nan nan 94.3746732021 81.8064579382 70.2868684446
29.5 111.782586484 109.987458595 97.55189964 84.6713995849 72.8108650388
30.0 nan nan 100.77887792 87.5769034796 75.3701114541
30.5 115.988183054 112.50554229 104.039989573 90.5229732056 77.9646544161
31.0 nan nan 107.451293749 93.5096184212 80.5945405875
31.5 117.433764646 116.426295817 110.37418294 96.5368220778 83.2598162942
32.0 nan nan nan 99.6046649678 85.9605270653
32.5 121.112960386 118.092607467 115.18948927 102.712762296 88.6967177575
33.0 nan 122.569870472 nan 105.862755837 91.468432021
33.5 122.915372677 121.779884755 118.154491398 109.044886051 94.2757121143
34.0 nan nan nan 112.316369543 97.1185993307
34.5 128.141319346 124.497705815 119.816293303 115.353527589 99.9971324191
35.0 nan nan nan nan 102.911353654
35.5 129.014822749 128.09075857 123.47099563 122.451156618 105.861291121
36.0 nan nan nan nan 108.847048868
36.5 132.610389522 129.611784695 126.039547041 122.75118806 111.868280749
37.0 nan nan nan nan 114.926387451
37.5 136.006664674 132.627783761 128.176156802 126.199083716 118.015269487
38.0 nan nan nan nan 121.169942001
38.5 137.211812951 135.536422294 131.48816548 128.696184178 124.274961593
39.0 nan nan nan nan 129.252659418
39.5 140.853632179 138.458376042 134.607559717 132.934937661 130.331825344
40.0 nan nan nan nan nan
40.5 143.653253784 141.019503091 137.753776309 134.270607615 132.94365134
41.0 nan nan nan nan nan
41.5 146.412017071 144.37455078 140.752916839 138.135053908 134.92845716
42.0 nan 146.56858319 nan nan nan
42.5 148.869357584 145.971101983 143.081854213 140.708717059 138.165277963
43.0 nan nan nan nan nan
43.5 151.459065022 149.81384994 145.769013837 142.75440492 141.190940177
44.0 nan nan nan nan nan
44.5 154.830525258 152.347779295 149.144007593 146.132825186 144.842264758
45.0 nan nan nan nan nan
45.5 157.808464246 156.750750909 151.778436093 148.673956847 146.652342417
46.0 nan nan nan nan nan
46.5 161.408345929 158.575119519 154.162455871 152.92808371 150.113867459
47.0 nan nan nan nan nan
47.5 164.140555174 160.834498281 157.839204169 155.164684438 153.373294019
48.0 nan 164.678530939 nan nan nan
48.5 nan nan nan nan nan
49.0 nan nan nan nan nan
49.5 166.753005416 164.562246893 160.870311801 157.995833633 156.391099142
50.0 386.912275551 312.453964558 265.968004037 237.091738983 207.057273806
